cmd: ./quicksort
events: Ir
fl=./csu/../csu/libc-start.c
fn=__libc_start_main@@GLIBC_2.34
128 2
134 3
135 7
138 1
139 2
142 3
143 2
144 11
145 4
242 13
311 3
312 3
337 6
340 2
343 2
350 2
352 2
360 4
fl=./csu/../sysdeps/nptl/libc_start_call_main.h
fn=(below main)
29 9
44 3
46 2
51 2
52 2
55 2
58 6
74 2
fl=./csu/./csu/init-first.c
fn=_init_first
46 6
51 2
55 5
61 1
62 1
63 2
71 2
72 3
fl=./ctype/./ctype/ctype-info.c
fn=__ctype_init
29 1
31 7
33 4
35 4
36 1
fl=./debug/../sysdeps/x86_64/multiarch/ifunc-memmove.h
fn=__memcpy_chk
56 2
57 3
60 3
61 2
74 2
103 2
108 3
113 4
fn=__memmove_chk
56 2
57 3
60 3
61 2
74 2
103 2
108 3
113 4
fn=__mempcpy_chk
56 2
57 3
60 3
61 2
74 2
103 2
108 3
113 4
fl=./debug/../sysdeps/x86_64/multiarch/ifunc-memset.h
fn=__memset_chk
54 5
57 3
58 2
64 2
73 2
103 4
fl=./debug/../sysdeps/x86_64/multiarch/memcpy_chk.c
fn=__memcpy_chk
29 2
fl=./debug/../sysdeps/x86_64/multiarch/memmove_chk.c
fn=__memmove_chk
29 2
fl=./debug/../sysdeps/x86_64/multiarch/mempcpy_chk.c
fn=__mempcpy_chk
29 2
fl=./debug/../sysdeps/x86_64/multiarch/memset_chk.c
fn=__memset_chk
29 2
fl=./elf/../bits/stdlib-bsearch.h
fn=intel_check_word.constprop.0
27 198
28 99
29 1440
31 1302
32 684
35 429
37 384
fl=./elf/../elf/dl-tls.c
fn=_dl_add_to_slotinfo
1017 27
1023 3
1026 3
1027 3
1031 9
1065 6
1068 6
1069 9
1072 18
fn=_dl_allocate_tls_init
523 11
524 2
528 2
531 1
534 2
537 3
549 1
554 27
560 9
563 9
564 6
570 9
571 6
573 24
576 6
577 6
580 6
581 12
583 6
584 6
593 3
601 6
603 30
609 3
615 2
618 2
621 9
fn=_dl_allocate_tls_storage
365 1
369 1
370 1
371 2
374 1
380 2
417 7
419 1
430 1
431 1
432 2
440 6
441 1
445 305
464 1
470 7
fn=_dl_assign_tls_modid
125 12
128 6
141 3
181 3
183 3
186 3
187 6
fn=_dl_count_modids
192 1
194 2
195 1
210 2
fn=_dl_determine_tlsoffset
216 9
217 1
218 1
219 1
222 4
225 2
259 1
261 25
263 9
265 9
266 6
268 6
270 15
281 3
286 24
288 6
289 3
294 3
301 1
302 7
304 2
354 1
355 8
fn=_dl_tls_static_surplus_init
83 3
97 8
100 6
101 5
102 3
104 4
107 1
109 1
111 3
112 6
fl=./elf/../include/list.h
fn=__tls_init_tp
43 2
44 2
45 1
47 1
fl=./elf/../include/rtld-malloc.h
fn=__minimal_calloc
56 17
fn=_dl_allocate_tls_storage
44 2
56 1
fn=_dl_check_map_versions
44 18
fn=_dl_find_object_init
56 2
fn=_dl_important_hwcaps
56 4
fn=_dl_init_paths
56 5
fn=_dl_map_object_deps
56 12
fn=_dl_new_object
44 18
56 15
fn=do_lookup_x
44 13
fn=fillin_rpath.isra.0
50 2
51 1
56 2
fn=init_tls
44 2
fl=./elf/../include/scratch_buffer.h
fn=_dl_map_object_deps
77 2
78 1
85 3
131 20
fl=./elf/../misc/sbrk.c
fn=sbrk
37 6
40 1
58 2
62 2
78 5
fl=./elf/../nptl/nptl-stack.h
fn=__libc_early_init
61 8
fl=./elf/../sysdeps/generic/_itoa.h
fn=_dl_check_map_versions
76 33
fl=./elf/../sysdeps/generic/dl-cache.h
fn=_dl_load_cache_lookup
125 4
194 1
195 5
fl=./elf/../sysdeps/generic/dl-call_tls_init_tp.h
fn=init_tls
31 8
33 1
fl=./elf/../sysdeps/generic/dl-debug.h
fn=dl_main
29 4
30 1
fl=./elf/../sysdeps/generic/dl-hash.h
fn=__rtld_malloc_init_real
43 1
44 1
45 19
48 18
62 24
67 1
72 1
fl=./elf/../sysdeps/generic/dl-new-hash.h
fn=_dl_lookup_symbol_x
69 1878
70 3756
74 40764
77 81528
80 39823
81 79646
87 937
88 937
89 1874
90 937
99 38886
101 38886
102 77772
104 38886
105 38886
fl=./elf/../sysdeps/generic/dl-protected.h
fn=do_lookup_x
29 7448
fl=./elf/../sysdeps/generic/ldsodefs.h
fn=_dl_relocate_object
79 62
140 10266
fn=_dl_start
79 6
fn=do_lookup_x
139 3724
140 5586
fl=./elf/../sysdeps/nptl/dl-mutex.c
fn=__rtld_mutex_init
30 7
37 1
40 7
44 2
45 9
47 6
51 2
52 7
53 6
fl=./elf/../sysdeps/nptl/dl-tls_init_tp.c
fn=__tls_init_tp
68 5
69 1
72 1
75 4
76 2
77 1
82 2
87 4
90 1
93 3
105 4
121 3
128 2
129 3
fn=__tls_pre_init_tp
53 3
56 10
61 2
62 1
64 1
fn=rtld_mutex_dummy
42 178
44 356
fl=./elf/../sysdeps/nptl/pthread_early_init.h
fn=__libc_early_init
33 6
34 1
38 5
45 2
46 1
48 2
52 5
53 1
54 1
56 1
fl=./elf/../sysdeps/posix/dl-fileid.h
fn=_dl_map_object_from_fd
37 20
40 20
49 60
fl=./elf/../sysdeps/unix/sysv/linux/brk.c
fn=brk
36 1
37 1
38 2
44 1
45 1
fl=./elf/../sysdeps/unix/sysv/linux/brk_call.h
fn=brk
24 2
fl=./elf/../sysdeps/unix/sysv/linux/dl-osinfo.h
fn=dl_main
39 2
52 1
fl=./elf/../sysdeps/unix/sysv/linux/dl-parse_auxv.h
fn=_dl_sysdep_parse_arguments
32 2
33 1
34 1
41 93
42 44
43 44
45 1
46 2
47 2
48 2
49 1
51 2
52 2
53 2
54 2
56 2
fl=./elf/../sysdeps/unix/sysv/linux/dl-sysdep.c
fn=_dl_sysdep_parse_arguments
78 7
79 2
80 2
81 3
82 59
83 121
86 2
90 56
93 5
94 2
95 3
96 6
fn=_dl_sysdep_start
102 6
103 1
106 2
110 2
113 1
115 2
122 3
123 2
125 5
137 3
140 5
143 4
fn=_dl_sysdep_start_cleanup
147 1
148 1
fl=./elf/../sysdeps/unix/sysv/linux/dl-vdso-setup.h
fn=dl_main
30 1
33 1
36 1
39 1
45 1
fl=./elf/../sysdeps/unix/sysv/linux/dl-vdso.h
fn=dl_main
40 2
41 5
55 2
fl=./elf/../sysdeps/unix/sysv/linux/rseq-internal.h
fn=__tls_init_tp
32 3
34 7
37 2
40 1
fl=./elf/../sysdeps/unix/sysv/linux/x86/dl-hwcap2.h
fn=update_active.constprop.0
25 2
fl=./elf/../sysdeps/unix/sysv/linux/x86/dl-minsigstacksize.h
fn=get_common_indices.constprop.0
24 2
27 2
81 1
fl=./elf/../sysdeps/x86/cpu-features.c
fn=get_common_indices.constprop.0
398 3
402 4
405 5
409 1
410 4
411 4
412 4
413 3
414 2
421 2
423 9
428 8
435 2
457 3
fn=init_cpu_features.constprop.0
376 3
377 2
378 6
383 2
384 6
389 2
390 7
682 8
685 1
686 1
687 1
690 1
699 3
702 6
703 1
706 2
708 6
713 1
715 3
717 9
721 7
781 4
790 1
832 1
878 2
885 2
887 2
891 2
897 2
899 1
1001 3
1002 2
1005 2
1006 2
1012 1
1013 1
1014 1
1015 2
1019 4
1022 4
1028 3
1031 1
1035 1
1045 1
1054 2
1065 4
1071 1
1075 1
1077 1
1081 1
1082 2
1086 3
1103 2
1104 2
1127 4
1129 4
1135 4
1142 8
fn=update_active.constprop.0
72 8
76 1
84 3
85 3
86 1
94 4
95 1
103 4
104 1
105 2
109 4
112 4
113 1
116 5
117 2
121 5
122 3
123 3
124 2
128 5
129 5
130 3
132 2
133 4
147 2
356 2
360 3
369 1
370 8
fl=./elf/../sysdeps/x86/dl-cacheinfo.h
fn=get_common_cache_info.constprop.0
571 11
586 1
587 1
588 2
589 1
590 2
596 3
598 7
601 2
613 1
618 3
622 2
627 5
630 24
637 8
640 26
645 2
649 3
650 2
654 2
658 3
661 4
662 1
667 4
673 4
681 6
683 2
685 4
687 12
689 1
690 1
691 9
693 4
696 7
701 1
703 4
704 3
705 1
708 2
711 2
718 1
720 4
721 1
726 2
731 2
732 1
733 2
734 1
759 3
770 5
771 5
775 2
782 1
783 2
784 1
785 7
fn=handle_intel.constprop.0
250 108
255 24
261 12
262 12
267 48
271 24
276 24
279 60
281 24
284 60
286 24
289 45
291 18
294 45
296 18
300 27
305 96
fn=init_cpu_features.constprop.0
792 1
793 1
795 1
809 2
811 3
812 3
813 3
814 2
817 3
819 3
820 2
822 3
824 3
825 1
827 3
829 3
830 2
832 3
834 3
836 3
838 5
894 2
895 2
896 2
897 2
898 2
899 2
900 1
901 1
902 1
903 1
904 1
905 1
910 3
925 7
930 2
931 6
939 3
959 6
968 2
969 2
974 12
987 5
995 7
997 2
1000 5
1002 2
1005 5
1006 5
1010 6
1011 3
1017 7
1020 11
1021 10
1022 13
1025 10
1027 10
1040 4
1042 2
1043 2
1044 1
1045 1
1046 1
1047 1
fn=intel_check_word.constprop.0
110 1302
113 621
119 378
123 84
125 31
129 210
131 260
133 99
135 198
143 198
194 396
202 231
216 99
221 120
223 11
225 22
227 8
228 14
229 6
231 8
232 8
235 38
236 3
246 252
fl=./elf/../sysdeps/x86/dl-get-cpu-features.c
fn=__x86_cpu_features
39 3
71 3
fn=_dl_x86_init_cpu_features
37 1
39 3
41 1
fl=./elf/../sysdeps/x86/dl-isa-level.h
fn=_dl_load_cache_lookup
28 24
fl=./elf/../sysdeps/x86/dl-procinfo.h
fn=_dl_load_cache_lookup
39 8
42 60
fl=./elf/../sysdeps/x86/dl-prop.h
fn=_dl_map_object_from_fd
149 20
fn=_dl_process_pt_gnu_property
95 36
102 18
115 18
118 9
252 6
253 3
254 12
255 6
257 36
258 3
260 9
fn=dl_main
36 2
37 24
40 10
49 40
53 33
71 2
149 4
235 4
236 2
fl=./elf/../sysdeps/x86/get-isa-level.h
fn=_dl_hwcaps_subdirs_active
30 4
31 1
32 3
36 3
39 4
40 4
45 4
48 2
fn=update_active.constprop.0
28 1
30 4
32 3
36 3
38 1
39 2
40 4
45 4
47 1
48 2
fl=./elf/../sysdeps/x86_64/dl-cet.c
fn=_dl_cet_check
145 2
157 2
173 1
179 1
275 2
276 1
277 2
282 4
283 3
285 2
293 5
296 1
300 2
301 1
302 2
303 2
304 2
305 2
308 1
310 1
313 2
361 8
363 6
fn=_dl_cet_setup_features
331 1
334 2
350 1
fl=./elf/../sysdeps/x86_64/dl-hwcaps-subdirs.c
fn=_dl_hwcaps_subdirs_active
29 1
38 3
43 1
52 1
fl=./elf/../sysdeps/x86_64/dl-irel.h
fn=_dl_fixup
32 1
fl=./elf/../sysdeps/x86_64/dl-machine.h
fn=_dl_fixup
234 73
fn=_dl_relocate_object
81 30
87 8
91 6
97 2
108 6
129 4
137 6
267 6878
274 6878
278 6878
287 27891
290 6897
291 136
292 13692
295 2
296 3
307 2
314 5
317 20634
320 34
323 34
346 8
347 12
352 6
354 4
363 4
393 35
400 51
402 68
406 51
415 34
423 9607
436 7
460 3
464 4
465 4
466 5
467 2
476 136
478 68
479 68
498 3060
499 1020
503 2040
504 2040
514 2224
518 2224
521 3336
522 1112
730 14
734 8
fn=_dl_start
55 1
278 9
287 27
290 6
291 12
317 8
323 2
fn=_dl_sysdep_start
220 1
fl=./elf/../sysdeps/x86_64/dl-runtime.h
fn=_dl_fixup
28 73
fl=./elf/../sysdeps/x86_64/dl-trampoline.h
fn=_dl_runtime_resolve_fxsave
71 73
76 73
79 73
81 73
84 73
97 73
98 73
99 73
100 73
101 73
102 73
103 73
105 73
128 73
129 73
130 73
131 73
134 73
140 73
141 73
142 73
143 73
144 73
145 73
146 73
148 73
150 73
154 73
156 73
fl=./elf/../sysdeps/x86_64/tls_get_addr.S
fn=__tls_get_addr
29 2
30 2
31 2
33 2
34 2
35 2
38 2
39 2
43 2
44 2
45 2
46 2
fl=./elf/./dl-find_object.h
fn=_dl_find_object_from_map
95 14
96 14
97 7
103 35
104 203
105 140
107 21
112 7
fl=./elf/./dl-hwcaps.h
fn=_dl_important_hwcaps
43 9
45 7
46 1
77 8
78 8
79 6
fl=./elf/./dl-load.h
fn=_dl_map_object_from_fd
91 40
92 16
93 20
94 16
96 16
fl=./elf/./dl-main.h
fn=dl_main
109 5
fl=./elf/./dl-map-segments.h
fn=_dl_map_object_from_fd
28 15
29 45
81 5
101 5
102 15
105 15
106 10
108 10
125 5
135 120
137 60
139 150
149 80
155 10
156 5
157 15
158 10
160 10
165 10
168 15
176 35
182 10
186 16
189 4
194 20
fl=./elf/./dl-sym-post.h
fn=lookup_malloc_symbol
41 8
53 12
fl=./elf/./dl-tunable-types.h
fn=__GI___tunable_set_val
84 5
fl=./elf/./elf/dl-audit.c
fn=_dl_audit_activity_map
29 7
30 1
31 3
37 6
fn=_dl_audit_activity_nsid
41 3
45 12
46 3
47 15
fn=_dl_audit_objclose
97 7
98 28
fn=_dl_audit_objopen
77 5
78 20
fn=_dl_audit_preinit
118 1
119 4
fl=./elf/./elf/dl-cache.c
fn=_dl_cache_libcmp
357 78
358 469
360 633
362 219
368 16
369 12
370 188
372 188
374 8
380 414
382 414
383 105
386 172
387 172
390 51
fn=_dl_load_cache_lookup
191 70
205 4
208 32
210 40
211 8
213 20
220 82
222 215
223 70
227 105
231 105
232 70
240 16
242 8
245 8
247 24
249 4
259 8
269 12
270 16
286 28
295 8
298 8
301 4
302 12
330 8
346 31
347 18
349 13
403 40
405 8
408 12
411 5
419 5
420 8
423 6
424 1
431 1
432 2
477 9
482 12
485 12
500 8
512 12
513 60
514 16
515 4
516 32
fn=_dl_unload_cache
525 3
526 4
528 2
529 1
533 1
535 2
fl=./elf/./elf/dl-call-libc-early-init.c
fn=_dl_call_libc_early_init
27 7
29 2
33 5
37 2
39 4
40 2
41 3
fl=./elf/./elf/dl-call_fini.c
fn=_dl_call_fini
24 56
28 14
32 7
34 7
35 14
38 10
39 15
42 44
43 6
47 7
48 14
49 15
50 37
fl=./elf/./elf/dl-catch.c
fn=_dl_catch_error
254 12
256 2
257 2
258 2
259 2
261 6
fn=_dl_catch_exception
58 36
59 24
69 24
70 60
204 96
207 24
214 12
228 12
229 24
235 72
237 36
239 48
248 36
fn=_dl_receive_error
58 2
59 1
69 2
70 2
186 7
188 1
192 1
194 1
197 1
198 4
fl=./elf/./elf/dl-debug.c
fn=_dl_debug_initialize
56 3
57 1
59 2
61 2
63 3
64 1
85 3
90 3
91 2
92 1
95 3
96 6
99 2
107 2
fn=_dl_debug_state
116 2
117 2
fn=_dl_debug_update
38 6
40 12
41 6
44 12
48 6
fl=./elf/./elf/dl-deps.c
fn=_dl_map_object_deps
128 3
129 5
130 6
132 3
136 8
143 13
144 20
160 9
161 1
164 1
182 1
183 6
184 1
188 15
190 27
193 7
197 21
198 46
201 20
205 10
208 22
210 20
215 5
216 5
217 10
218 10
219 5
221 627
222 296
228 104
230 11
232 44
233 22
242 11
244 22
249 35
252 5
253 5
254 5
255 10
256 5
257 5
259 20
263 33
264 27
266 411
417 14
419 25
422 10
423 20
429 5
430 25
431 25
434 5
435 10
439 21
441 7
442 32
448 5
449 1
452 4
463 5
465 4
470 5
471 1
472 2
474 25
478 7
483 14
485 21
490 7
494 2
495 3
532 2
533 2
547 9
552 9
553 5
557 1
559 2
560 1
561 3
568 3
571 2
574 8
fn=openaux
61 66
64 121
65 11
68 11
69 33
fl=./elf/./elf/dl-environ.c
fn=_dl_next_ld_env_entry
28 3
29 3
32 181
34 118
35 36
37 2
40 4
42 2
45 57
fl=./elf/./elf/dl-find_object.c
fn=_dl_find_object_init
561 5
564 1
566 2
567 3
579 2
580 3
582 2
585 2
590 1
591 1
594 3
596 2
599 6
601 1
604 4
fn=_dlfo_process_initial
474 8
475 2
477 2
478 4
504 24
505 34
506 14
508 52
511 48
513 36
515 12
516 12
517 24
529 2
531 8
fn=_dlfo_sort_mappings
536 1
537 2
540 24
544 10
545 70
546 75
548 4
549 4
553 20
554 25
555 10
557 1
fl=./elf/./elf/dl-fini.c
fn=_dl_fini
26 11
43 1
46 13
49 2
51 1
54 2
56 5
61 1
63 4
68 18
73 25
75 14
77 14
79 14
80 7
81 7
85 7
87 6
88 6
94 6
103 2
108 41
110 7
112 14
114 28
117 14
122 7
126 5
132 6
134 1
138 2
145 8
fl=./elf/./elf/dl-hwcaps.c
fn=_dl_important_hwcaps
52 12
54 1
55 2
56 1
57 1
77 12
80 10
84 1
86 3
87 1
88 1
100 5
102 3
105 1
108 1
112 5
125 8
127 5
128 2
129 2
130 1
133 3
142 3
172 14
174 2
175 3
185 2
186 3
189 3
193 2
194 2
201 1
202 5
208 2
209 1
213 3
216 9
fl=./elf/./elf/dl-hwcaps_split.c
fn=_dl_hwcaps_split
25 5
26 3
27 1
47 4
fn=_dl_hwcaps_split_masked
26 32
30 24
34 78
35 12
36 24
41 36
42 18
43 12
45 6
51 80
55 5
56 18
57 27
58 21
60 3
62 64
67 6
fl=./elf/./elf/dl-init.c
fn=_dl_init
29 16
35 40
37 41
81 13
82 1
83 1
86 3
89 2
94 4
119 1
120 32
121 14
127 8
fn=call_init.part.0
26 84
43 21
46 21
47 2
51 12
59 18
60 24
63 6
64 12
70 15
72 10
73 117
74 92
76 56
fl=./elf/./elf/dl-load.c
fn=_dl_dst_count
238 99
241 22
244 22
245 11
264 99
fn=_dl_init_paths
706 13
720 4
725 1
727 3
734 3
735 2
739 4
741 4
747 1
748 1
756 8
758 8
759 4
761 5
762 7
763 4
766 13
767 10
768 18
770 32
776 1
777 1
782 1
785 3
787 4
789 3
806 1
808 3
822 2
825 5
827 23
831 2
832 60
833 14
834 28
836 1
837 1
838 2
844 6
847 3
853 1
857 8
fn=_dl_map_object
682 46
685 4
688 6
691 2
692 1
696 20
1967 144
1969 5
1975 24
1976 48
1979 240
1984 301
1986 215
1990 72
1991 108
1994 85
1995 51
1996 85
2010 20
2011 15
2019 15
2034 5
2036 25
2040 16
2042 8
2049 16
2053 4
2054 4
2058 18
2059 6
2073 20
2074 28
2075 4
2084 8
2099 8
2100 64
2106 12
2107 4
2115 4
2129 8
2131 12
2135 12
2137 8
2141 8
2149 8
2172 36
2176 12
2177 4
2194 8
2200 1
2201 4
2202 2
2203 2
2207 9
2210 3
2222 20
2267 10
2268 88
2270 113
fn=_dl_map_object_from_fd
944 70
959 20
989 95
990 40
1008 10
1036 20
1046 10
1053 40
1054 10
1065 10
1066 15
1067 10
1069 15
1070 20
1071 8
1074 17
1075 6
1086 5
1088 5
1090 110
1091 5
1092 5
1093 5
1094 5
1100 210
1101 507
1107 10
1114 13
1115 15
1116 50
1121 2
1122 1
1127 155
1135 100
1136 130
1137 100
1138 20
1139 40
1141 140
1143 40
1156 40
1157 75
1162 20
1163 205
1176 9
1180 12
1181 3
1185 15
1186 6
1189 3
1194 12
1209 10
1210 5
1213 15
1218 35
1228 95
1229 40
1235 10
1245 20
1252 35
1264 5
1268 20
1269 15
1275 14
1276 10
1278 10
1288 15
1307 15
1309 30
1361 15
1362 6
1368 170
1369 280
1375 80
1380 20
1393 10
1395 20
1397 10
1413 10
1417 10
1418 10
1435 10
1436 1
1439 10
1444 10
1449 10
1461 40
1462 9
1463 18
1464 6
1465 5
1471 10
1472 12
1477 6
1484 15
1487 10
1491 15
1492 15
1510 10
1514 35
1515 20
1519 45
fn=_dl_process_pt_gnu_property
868 18
869 12
870 6
876 12
882 30
885 18
886 12
887 12
890 18
891 18
895 6
896 12
900 18
901 9
904 18
907 9
908 36
918 18
920 24
fn=expand_dynamic_string_token
241 6
244 4
385 20
399 4
410 14
fn=fillin_rpath.isra.0
468 17
472 1
474 12
481 2
483 6
487 2
492 3
493 2
500 5
505 2
509 15
510 8
528 4
532 4
534 2
538 1
539 2
540 4
541 1
543 2
549 4
550 14
551 3
553 2
554 3
555 1
561 2
562 1
565 3
571 1
574 8
fn=open_path
1812 44
1813 8
1816 4
1817 4
1819 8
1822 8
1824 88
1827 8
1831 4
1835 24
1842 24
1843 76
1846 16
1851 55
1854 10
1860 15
1863 40
1865 15
1867 4
1872 4
1873 14
1879 6
1881 20
1882 2
1884 2
1891 37
1893 12
1937 32
1941 4
1943 16
1946 12
1960 36
fn=open_verify.constprop.0
1572 120
1604 30
1609 10
1623 50
1625 20
1633 5
1634 15
1639 30
1641 10
1643 10
1645 10
1651 10
1668 74
1749 10
1754 10
1760 20
1766 10
1772 20
1773 20
1777 16
1778 5
1799 90
fl=./elf/./elf/dl-lookup-direct.c
fn=_dl_lookup_direct
32 15
33 9
35 6
36 6
48 9
51 6
53 21
57 9
58 21
59 15
74 39
76 6
78 21
79 6
81 12
84 25
86 12
93 6
115 3
116 27
fl=./elf/./elf/dl-lookup.c
fn=_dl_lookup_symbol_x
772 24414
774 3756
775 7512
778 1878
782 7474
785 3756
787 3756
791 26372
792 31926
797 9390
799 96
816 1878
817 48
820 3756
821 13018
828 1926
856 7448
870 5586
871 2
873 3724
890 7448
892 16902
fn=check_match
70 28035
73 14952
78 16
86 9320
89 4178
93 1864
94 3728
96 3722
115 3722
116 14888
117 9295
118 4
119 4
144 6
146 18
147 12
150 2
151 7
153 3
161 1861
162 14952
fn=do_lookup_x
170 300
171 307
172 940
174 98
175 294
176 530
179 152
180 152
181 82
182 152
183 70
222 492
224 738
226 164
227 82
228 328
230 2694
231 486
234 352
235 176
254 352
257 95
258 285
259 322
262 1377
269 12
272 4
279 298
280 276
281 350
285 20
286 2
287 2
288 4
289 8
300 3
302 2
305 1
306 1
307 2
310 164
311 492
318 328
329 574
331 164
333 246
334 164
347 26292
348 1878
353 1878
354 1878
358 11770
361 11770
365 15532
386 11768
390 11768
396 17652
400 5884
401 5884
404 29420
405 17652
408 5884
409 11768
411 5884
412 5634
413 11768
415 13146
416 23536
419 41188
422 3804
423 5706
424 3804
426 3804
429 23755
431 5607
432 47088
433 3738
436 5607
439 8686
461 14888
470 329
472 2
476 3724
483 9816
487 3687
491 1
499 3560
500 1780
501 1862
518 12069
521 16
522 15024
fl=./elf/./elf/dl-minimal-malloc.c
fn=__minimal_calloc
80 85
84 17
87 17
88 51
fn=__minimal_free
97 3
99 12
fn=__minimal_malloc
36 336
37 126
42 3
43 2
44 2
48 167
51 282
56 12
57 12
59 3
60 24
62 6
64 12
65 9
67 8
70 43
71 46
73 252
fl=./elf/./elf/dl-minimal.c
fn=__rtld_malloc_init_real
76 10
86 2
87 1
89 1
91 6
92 5
93 5
94 4
99 1
100 1
101 1
102 1
103 8
fn=__rtld_malloc_init_stubs
42 1
43 2
44 2
45 2
46 2
47 1
fn=lookup_malloc_symbol
61 36
63 4
64 28
68 28
69 28
71 4
72 24
fn=strsep
239 2
242 4
244 2
245 4
247 2
249 47
251 28
254 56
256 84
264 14
267 1
271 4
fl=./elf/./elf/dl-misc.c
fn=_dl_higher_prime_number
87 2
124 2
125 2
127 26
129 80
130 30
131 6
133 7
145 2
146 2
fn=_dl_name_match_p
68 686
69 392
70 18
72 98
74 390
75 575
80 97
82 80
83 392
fn=_dl_sysdep_read_whole_file
36 11
39 3
40 2
42 6
44 2
47 2
49 8
60 3
63 8
fl=./elf/./elf/dl-object.c
fn=_dl_add_to_namespace_list
31 54
33 18
35 53
38 80
40 5
42 5
45 2
46 18
47 12
48 12
50 12
51 30
fn=_dl_new_object
59 90
62 12
64 2
66 3
67 2
71 6
77 2
80 10
83 26
87 10
92 5
95 12
98 6
99 6
100 12
103 12
104 42
106 6
119 28
123 5
125 1
127 42
130 12
131 12
132 6
136 6
139 40
141 20
149 12
150 6
153 1
155 36
157 20
160 14
164 28
168 35
176 1
179 12
189 24
191 20
195 15
199 10
200 10
208 5
212 5
245 20
250 168
251 168
255 10
256 5
259 5
263 54
fl=./elf/./elf/dl-reloc.c
fn=_dl_relocate_object
170 14028
171 6844
174 23038
175 19444
177 1621
178 6482
182 3602
183 1801
184 1801
186 14414
187 8975
188 3590
190 12704
193 1801
194 12607
196 1621
207 88
208 16
220 14
221 21
224 28
226 21
228 7
229 21
251 35
252 14
253 3
255 14
262 21
301 10279
304 35
328 7
331 14
348 21
350 64
356 42
359 14
363 14
364 42
fl=./elf/./elf/dl-runtime.c
fn=_dl_fixup
46 803
48 365
49 219
54 73
55 292
56 511
58 146
63 146
67 146
69 73
71 219
75 219
76 292
77 219
84 73
85 219
95 803
99 365
109 730
124 292
125 2
133 219
159 219
163 584
fl=./elf/./elf/dl-setup_hash.c
fn=_dl_setup_hash
25 14
28 21
31 21
32 14
33 7
34 7
36 21
37 7
38 21
40 7
41 14
43 7
45 21
50 7
fl=./elf/./elf/dl-sort-maps.c
fn=_dl_sort_maps
140 58
181 2
182 4
183 52
184 28
211 34
216 4
218 2
219 10
221 44
223 14
226 38
244 8
263 8
276 8
283 2
298 26
306 6
310 18
fn=_dl_sort_maps_init
289 4
290 4
291 1
292 3
293 2
fn=dfs_traversal.part.0
135 126
140 70
143 14
145 42
147 188
156 50
171 42
172 14
173 96
fl=./elf/./elf/dl-tunables.c
fn=__GI___tunable_set_val
72 50
82 5
93 40
94 25
97 10
100 35
104 10
111 10
112 10
115 25
116 5
117 5
118 5
153 30
157 15
fn=__GI___tunables_init
42 300
45 59
48 5404
52 118
56 236
128 1
261 10
267 4
281 9676
283 2
287 17523
304 8
fn=__tunable_get_val
387 78
390 462
399 50
400 14
409 31
416 234
418 39
fl=./elf/./elf/dl-tunables.h
fn=__GI___tunable_set_val
141 10
142 10
151 5
fn=__GI___tunables_init
160 1198
161 2807
fl=./elf/./elf/dl-version.c
fn=_dl_check_all_versions
392 7
394 1
396 26
397 7
398 63
401 7
fn=_dl_check_map_versions
36 176
37 44
38 286
56 176
64 132
70 132
86 44
87 88
89 44
94 1694
108 1474
110 44
113 352
120 2079
124 693
155 70
156 7
164 12
170 21
172 35
174 7
175 7
177 14
180 15
184 40
198 6
200 33
208 33
213 33
215 33
217 176
218 289
221 88
224 132
225 5
228 24
231 176
234 132
239 33
243 33
248 6
257 30
260 10
263 551
266 412
270 129
274 18
279 6
280 24
281 18
291 6
294 32
296 12
299 20
301 6
303 33
306 132
308 176
310 220
311 88
312 132
313 132
316 132
321 33
324 33
329 6
334 12
337 10
341 129
343 268
347 129
348 645
349 387
350 129
353 402
357 129
365 10
366 10
367 10
368 4
370 4
372 124
373 60
375 2
376 7
387 63
fl=./elf/./elf/do-rel.h
fn=_dl_relocate_object
49 42
50 42
51 7
53 70
72 8
73 9
80 42
83 3352
85 4448
96 12
97 4
114 36
123 3088
124 2040
126 36
129 40
131 14058
133 17505
134 14004
135 10503
136 14004
138 10503
141 272
142 68
143 68
147 3433
150 10322
151 102
164 24
165 285
166 252
169 204
171 272
172 68
173 136
180 31
182 42
183 12
185 18
193 6
196 18
211 7
fn=_dl_start
49 6
50 4
51 1
53 10
56 4
61 13
63 9
64 6
65 3
fl=./elf/./elf/get-dynamic-info.h
fn=_dl_map_object_from_fd
39 10
43 5
45 567
49 276
51 74
52 37
53 6
54 129
55 109
56 25
59 20
62 20
64 20
68 138
72 20
84 17
85 20
86 20
87 20
88 17
89 19
90 19
91 20
103 40
110 16
115 8
122 8
123 15
129 15
130 6
147 15
152 4
154 4
156 4
158 4
159 4
162 15
164 9
165 6
174 6
175 9
180 6
181 6
184 10
fl=./elf/./elf/libc-dl-profstub.c
fn=_dl_mcount_wrapper_check
36 128
37 384
38 128
fl=./elf/./elf/libc_early_init.c
fn=__libc_early_init
33 9
35 1
38 2
41 2
47 4
49 2
fl=./elf/./elf/rtld.c
fn=_dl_start
85 8
458 2
476 3
477 1
478 2
488 1
494 4
496 2
517 16
543 1
546 2
547 4
563 190
565 1
578 1
585 9
fn=dl_main
85 17
92 12
93 2
101 9
197 2
199 1
224 3
225 5
226 4
296 3
302 1
303 1
837 1
839 1
848 1
850 1
855 1
1115 1
1116 1
1118 1
1122 3
1124 1
1125 1
1140 1
1143 46
1144 117
1148 3
1153 3
1154 9
1163 2
1164 2
1166 1
1173 3
1191 2
1199 8
1200 17
1201 8
1202 1
1204 12
1205 14
1209 8
1210 8
1211 4
1215 12
1243 2
1247 3
1253 28
1254 61
1260 17
1266 4
1269 3
1271 3
1346 13
1351 1
1352 1
1357 1
1373 3
1374 4
1637 10
1639 2
1640 3
1641 2
1642 3
1646 2
1647 2
1672 3
1673 5
1674 3
1675 3
1678 1
1680 1
1681 1
1683 2
1684 2
1688 2
1690 2
1698 4
1705 2
1708 2
1733 4
1735 1
1740 2
1743 4
1744 4
1745 3
1746 1
1747 1
1748 1
1759 2
1760 2
1762 2
1764 1
1765 3
1770 5
1771 5
1773 3
1779 2
1788 2
1792 1
1793 2
1817 2
1823 1
1824 1
1825 1
1829 3
1834 3
1836 1
1838 2
1842 5
1847 2
1863 6
1939 4
1943 19
1944 1
1947 3
1948 1
1949 2
1950 2
1955 3
1965 9
1971 31
1972 18
1975 3
1976 2
1977 1
1979 22
1980 10
1984 2
1990 1
1992 3
1993 2
1995 2
1997 4
1999 3
2000 1
2001 2
2013 2
2014 2
2015 3
2017 2
2018 2
2026 5
2027 4
2028 5
2038 2
2039 2
2040 4
2042 2
2047 3
2246 3
2250 3
2256 2
2259 2
2267 2
2279 3
2282 3
2284 3
2285 6
2292 2
2293 30
2295 14
2300 14
2302 16
2304 1
2305 1
2308 7
2310 14
2311 48
2315 20
2316 9
2325 2
2329 4
2331 1
2338 4
2341 2
2345 3
2347 2
2357 1
2362 3
2365 1
2371 1
2372 5
2380 3
2387 1
2390 3
2394 3
2395 1
2396 1
2397 1
2401 1
2406 8
2538 1
2598 1
2600 2
2602 15
2604 2
2606 107
2607 19
2615 13
2640 2
2650 4
2652 2
2653 1
2687 5
2689 2
2690 2
2691 1
2727 5
2749 3
fn=handle_preload_list
183 3
806 1
810 2
811 2
812 1
814 1
816 6
817 3
825 3
869 13
870 3
874 5
877 4
878 3
880 4
881 2
887 1
889 2
891 2
892 1
895 9
fn=init_tls
734 4
736 2
740 3
746 2
749 1
750 1
751 1
755 1
757 1
761 2
762 2
763 17
764 7
765 14
769 9
771 3
773 3
776 2
779 1
786 2
787 2
793 2
797 1
800 5
fn=map_doit
641 6
643 4
644 6
646 3
fn=version_check_doit
674 6
676 6
680 3
fl=./elf/./get-dynamic-info.h
fn=_dl_start
45 75
49 36
51 10
52 5
54 20
55 16
56 5
59 4
62 4
64 4
68 18
72 3
84 4
85 3
86 4
87 4
88 5
89 3
90 4
91 4
103 10
110 3
123 3
129 3
130 3
133 2
134 3
139 5
142 5
fn=dl_main
39 4
43 1
45 111
49 54
51 12
52 6
54 25
55 21
56 5
59 4
62 4
64 4
68 27
72 7
84 3
85 5
86 5
87 5
88 4
89 5
90 5
91 5
103 9
110 3
115 2
122 3
123 4
129 3
147 4
152 2
154 2
156 2
158 2
159 2
162 4
164 3
165 2
174 2
175 3
180 2
181 3
184 3
fl=./elf/./setup-vdso.h
fn=dl_main
24 2
fl=./iconv/./iconv/gconv_simple.c
fn=__gconv_btwoc_ascii
49 128
51 512
54 128
fl=./io/../sysdeps/unix/sysv/linux/access.c
fn=access
25 1
27 7
31 1
fl=./io/../sysdeps/unix/sysv/linux/close_nocancel.c
fn=__GI___close_nocancel
25 6
26 24
27 6
fl=./io/../sysdeps/unix/sysv/linux/fstat64.c
fn=fstat
30 7
39 28
72 7
fl=./io/../sysdeps/unix/sysv/linux/fstatat64.c
fn=fstatat
91 4
146 4
160 2
161 7
162 1
fl=./io/../sysdeps/unix/sysv/linux/open64_nocancel.c
fn=__open_nocancel
28 44
31 77
39 92
41 22
fl=./io/../sysdeps/unix/sysv/linux/pread64_nocancel.c
fn=__pread64_nocancel
25 4
26 8
27 2
fl=./io/../sysdeps/unix/sysv/linux/read_nocancel.c
fn=__read_nocancel
25 5
26 20
27 5
fl=./io/../sysdeps/unix/sysv/linux/stat64.c
fn=stat
28 4
29 8
fl=./io/../sysdeps/unix/sysv/linux/write.c
fn=write
25 2
26 12
27 2
fl=./libio/../include/sys/sysmacros.h
fn=_IO_file_doallocate
47 6
fl=./libio/./libio/filedoalloc.c
fn=_IO_file_doallocate
78 11
84 9
86 4
89 2
91 2
94 2
97 4
101 3
102 2
104 4
105 1
106 9
fl=./libio/./libio/fileops.c
fn=_IO_do_write@@GLIBC_2.2.5
424 25
426 17
427 17
434 4
441 8
444 2
449 10
450 10
452 6
453 4
454 2
455 4
456 8
fn=_IO_file_overflow@@GLIBC_2.2.5
732 368
733 184
740 228
743 2
745 2
746 6
755 3
764 3
765 1
766 1
767 1
768 1
769 3
771 3
772 5
773 2
775 92
776 2
777 46
778 90
781 135
782 135
783 180
784 8
785 6
787 45
788 275
fn=_IO_file_setbuf@@GLIBC_2.2.5
382 6
383 3
386 1
388 3
390 2
391 3
fn=_IO_file_stat
1147 1
1148 2
fn=_IO_file_sync@@GLIBC_2.2.5
793 77
798 44
800 11
801 22
812 22
816 55
fn=_IO_file_write@@GLIBC_2.2.5
1174 16
1175 4
1176 12
1180 6
1181 6
1182 4
1187 2
1188 2
1190 6
1191 6
1194 12
fn=_IO_file_xsputn@@GLIBC_2.2.5
1198 360
1200 1
1204 160
1205 40
1211 160
1213 158
1214 78
1217 374
1219 327
1228 3
1229 39
1234 78
1236 195
1237 39
1238 117
1240 78
1244 6
1250 2
1251 5
1253 3
1264 2
1265 4
1267 3
1268 360
fl=./libio/./libio/genops.c
fn=_IO_cleanup
776 6
777 10
780 13
784 3
785 36
792 7
794 6
796 4
798 2
800 3
801 1
805 5
807 3
814 3
816 30
817 3
821 7
822 2
842 12
843 2
855 12
fn=_IO_default_setbuf
330 5
332 1
333 1
337 2
452 10
453 5
455 4
457 3
458 2
462 1
466 4
467 1
468 6
fn=_IO_default_xsputn
371 11
373 2
374 4
375 1
379 16
399 32
401 3
404 8
fn=_IO_doallocbuf
343 8
344 2
346 3
347 5
350 6
fn=_IO_flush_all
686 12
687 3
691 6
692 9
695 12
697 3
698 36
700 21
708 33
709 3
713 7
714 2
718 12
fn=_IO_setb
329 11
330 4
332 1
333 1
335 6
338 6
fn=__overflow
199 210
201 126
203 126
204 84
fl=./libio/./libio/iofflush.c
fn=fflush
32 60
33 20
39 120
40 50
44 50
fl=./libio/./libio/iofwrite.c
fn=fwrite
31 360
32 80
35 240
37 560
38 199
39 280
45 160
46 40
49 360
fl=./libio/./libio/libioP.h
fn=_IO_cleanup
1025 3
1026 2
fn=_IO_default_setbuf
1025 3
1026 2
fn=_IO_default_xsputn
1025 7
1026 6
fn=_IO_do_write@@GLIBC_2.2.5
1025 6
1026 4
fn=_IO_doallocbuf
1025 3
1026 2
fn=_IO_file_doallocate
1025 3
1026 2
fn=_IO_file_xsputn@@GLIBC_2.2.5
1025 3
1026 2
fn=_IO_flush_all
1025 2
fn=__overflow
1025 126
1026 84
fn=fflush
979 20
980 80
1025 30
1026 20
fn=fwrite
979 80
980 360
1025 80
1026 80
fl=./libio/./libio/putc.c
fn=putc
25 378
28 84
29 294
34 210
fl=./libio/./libio/vtables.c
fn=check_stdfiles_vtables
545 1
546 4
547 3
548 3
550 1
fl=./locale/./locale/newlocale.c
fn=newlocale
43 15
55 2
56 1
63 2
66 3
73 4
75 1
277 12
fl=./locale/./locale/uselocale.c
fn=uselocale
30 2
31 6
33 4
36 4
37 2
65 6
66 6
68 6
72 6
73 2
fl=./malloc/../string/bits/string_fortified.h
fn=tcache_init.part.0
59 88
fl=./malloc/../sysdeps/unix/sysv/linux/not-cancel.h
fn=ptmalloc_init.part.0
97 6
fl=./malloc/./malloc/arena.c
fn=free
153 36
fn=malloc
153 28
264 1
fn=ptmalloc_init.part.0
262 8
267 1
292 2
296 3
300 4
301 4
302 4
303 4
304 4
305 4
306 4
308 4
309 4
310 4
313 4
314 4
316 2
326 8
fl=./malloc/./malloc/malloc.c
fn=_int_free
1792 10
3163 4
3165 8
3166 2
3167 4
4495 84
4499 36
4505 48
4506 24
4510 60
4517 24
4518 72
4521 2
4527 6
4547 10
4550 2
4561 20
4637 20
4640 20
4643 20
4646 20
4658 62
fn=_int_free_maybe_consolidate
4770 110
4776 20
4798 110
fn=_int_free_merge_chunk
1992 30
4665 80
4666 10
4670 60
4673 40
4675 30
4678 30
4681 20
4682 20
4683 20
4689 20
4701 30
4702 70
4714 20
4756 10
4757 30
4758 20
fn=_int_malloc
1326 30
1345 90
1794 14
2008 8
2017 2
2552 6
2553 1
2564 2
2589 4
2590 2
2599 4
2608 3
2669 3
2677 2
2678 3
2691 3
2693 1
2699 5
2707 2
2709 4
2710 3
2711 1
2712 1
2715 2
2744 3
2745 1
2746 2
2752 8
2755 4
2782 2
2783 1
2795 3
2814 2
2817 2
2818 6
2820 1
2821 6
2833 5
2873 1
2875 1
2876 5
2877 1
2888 3
2921 3
2922 1
2926 1
2930 5
2932 1
2933 1
2934 1
2935 7
2936 2
2938 1
3846 165
3882 1
3887 30
3914 33
3916 4
3919 3
3921 4
3930 6
3977 26
3979 8
3980 6
3982 9
4039 165
4040 36
4058 43
4059 45
4060 45
4070 76
4257 45
4259 48
4262 36
4263 15
4330 15
4331 30
4332 30
4333 30
4334 90
4339 60
4343 70
4346 36
4443 15
4444 30
4446 30
4449 45
4451 14
4452 28
4453 14
4454 112
4456 28
4459 28
4460 45
4461 15
4466 4
4482 1
4487 180
fn=alloc_perturb
1985 45
1987 15
fn=free
3359 84
3363 24
3371 24
3373 12
3375 36
3392 36
3398 36
3401 12
3402 72
fn=malloc
1326 28
1345 69
3248 4
3294 112
3301 28
3311 26
3313 56
3316 28
3318 9
3326 28
3328 56
3329 70
3354 84
fn=ptmalloc_init.part.0
1946 385
1949 381
1957 1
1958 1
1960 1
3143 2
fn=tcache_init.part.0
3242 4
3251 8
3252 3
3253 2
3261 4
3270 2
3274 3
fl=./malloc/./malloc/morecore.c
fn=__glibc_morecore
25 6
26 4
29 2
30 4
34 4
fl=./malloc/./malloc/scratch_buffer_set_array_size.c
fn=__libc_scratch_buffer_set_array_size
30 65
34 5
35 10
45 10
46 5
63 30
fl=./math/../sysdeps/x86_64/fpu/multiarch/e_asin.c
fn=__acos_finite@GLIBC_2.15
35 1
fn=__asin_finite@GLIBC_2.15
27 2
fl=./math/../sysdeps/x86_64/fpu/multiarch/e_atan2.c
fn=__atan2_finite@GLIBC_2.15
26 2
fl=./math/../sysdeps/x86_64/fpu/multiarch/e_exp.c
fn=__exp_finite@GLIBC_2.15
27 2
fl=./math/../sysdeps/x86_64/fpu/multiarch/e_exp2f.c
fn=exp2f@@GLIBC_2.27
27 2
fl=./math/../sysdeps/x86_64/fpu/multiarch/e_expf.c
fn=expf@@GLIBC_2.27
27 2
fl=./math/../sysdeps/x86_64/fpu/multiarch/e_log.c
fn=__log_finite@GLIBC_2.15
27 2
fl=./math/../sysdeps/x86_64/fpu/multiarch/e_log2.c
fn=log2@@GLIBC_2.29
27 2
fl=./math/../sysdeps/x86_64/fpu/multiarch/e_log2f.c
fn=log2f@@GLIBC_2.27
27 2
fl=./math/../sysdeps/x86_64/fpu/multiarch/e_logf.c
fn=logf@@GLIBC_2.27
27 2
fl=./math/../sysdeps/x86_64/fpu/multiarch/e_pow.c
fn=__pow_finite@GLIBC_2.15
27 2
fl=./math/../sysdeps/x86_64/fpu/multiarch/e_powf.c
fn=powf@@GLIBC_2.27
30 1
fl=./math/../sysdeps/x86_64/fpu/multiarch/ifunc-avx-fma4.h
fn=__atan2_finite@GLIBC_2.15
32 4
36 3
39 4
fn=__exp_finite@GLIBC_2.15
32 4
36 3
39 4
fn=__log_finite@GLIBC_2.15
32 4
36 3
39 4
fn=cos
32 4
36 3
39 4
fn=sin
32 4
36 3
39 4
fl=./math/../sysdeps/x86_64/fpu/multiarch/ifunc-fma.h
fn=__log1p
29 4
fn=cosf
29 4
fn=exp2f@@GLIBC_2.27
29 4
fn=expf@@GLIBC_2.27
29 4
fn=expm1
29 4
fn=log2@@GLIBC_2.29
29 4
fn=log2f@@GLIBC_2.27
29 4
fn=logf@@GLIBC_2.27
29 4
fn=powf@@GLIBC_2.27
29 4
30 1
fn=sincosf
29 4
fn=sinf
29 4
fl=./math/../sysdeps/x86_64/fpu/multiarch/ifunc-fma4.h
fn=__acos_finite@GLIBC_2.15
31 3
35 5
fn=__asin_finite@GLIBC_2.15
31 3
35 4
fn=__pow_finite@GLIBC_2.15
31 3
35 4
fn=sincos
31 3
35 4
fl=./math/../sysdeps/x86_64/fpu/multiarch/s_cosf.c
fn=cosf
26 2
fl=./math/../sysdeps/x86_64/fpu/multiarch/s_expm1.c
fn=expm1
26 2
fl=./math/../sysdeps/x86_64/fpu/multiarch/s_fma.c
fn=fma
49 10
fl=./math/../sysdeps/x86_64/fpu/multiarch/s_log1p.c
fn=__log1p
26 2
fl=./math/../sysdeps/x86_64/fpu/multiarch/s_sin.c
fn=cos
34 2
fn=sin
27 2
fl=./math/../sysdeps/x86_64/fpu/multiarch/s_sincos.c
fn=sincos
26 2
fl=./math/../sysdeps/x86_64/fpu/multiarch/s_sincosf.c
fn=sincosf
26 2
fl=./math/../sysdeps/x86_64/fpu/multiarch/s_sinf.c
fn=sinf
26 2
fl=./misc/../sysdeps/unix/syscall-template.S
fn=mprotect
117 35
122 7
fn=munmap
117 5
122 1
fl=./misc/../sysdeps/unix/sysv/linux/brk.c
fn=brk
36 2
37 4
38 4
44 2
45 2
fl=./misc/../sysdeps/unix/sysv/linux/brk_call.h
fn=brk
24 4
fl=./misc/../sysdeps/unix/sysv/linux/mmap64.c
fn=mmap
47 182
50 52
53 107
58 156
60 104
fl=./misc/../sysdeps/unix/sysv/linux/setvmaname.c
fn=__set_vma_name
33 12
35 11
40 7
47 1
49 6
fl=./misc/./misc/init-misc.c
fn=__init_misc
30 5
31 6
33 3
37 5
38 3
40 4
fl=./misc/./misc/sbrk.c
fn=sbrk
37 16
40 4
43 4
58 4
59 4
62 4
63 2
66 4
74 3
78 14
fl=./nptl/../sysdeps/nptl/futex-internal.h
fn=__pthread_once_slow
209 8
fl=./nptl/../sysdeps/unix/sysv/linux/x86/elision-conf.c
fn=__lll_elision_init
92 8
96 5
98 4
100 4
102 4
104 4
107 3
108 1
109 6
fl=./nptl/./nptl/cleanup_compat.c
fn=_pthread_cleanup_pop@@GLIBC_2.34
40 1
43 2
47 2
49 1
fn=_pthread_cleanup_push@@GLIBC_2.34
25 1
28 1
29 1
30 2
32 1
33 1
fl=./nptl/./nptl/libc-cleanup.c
fn=__libc_cleanup_pop_restore
54 2
55 2
57 4
59 2
60 6
71 2
fn=__libc_cleanup_push_defer
24 2
25 2
27 4
29 4
32 4
46 6
48 2
49 2
fl=./nptl/./nptl/pthread_mutex_conf.c
fn=__pthread_tunables_init
55 8
56 5
58 4
60 4
62 6
fl=./nptl/./nptl/pthread_mutex_lock.c
fn=pthread_mutex_lock@@GLIBC_2.2.5
44 1
45 7
46 1
77 5
80 3
82 1
84 2
88 2
97 2
108 4
112 1
115 2
124 1
130 3
131 2
179 1
182 1
184 1
187 1
190 3
fl=./nptl/./nptl/pthread_mutex_unlock.c
fn=pthread_mutex_unlock@@GLIBC_2.2.5
39 1
40 4
41 1
51 3
52 2
57 2
62 1
65 1
70 1
72 1
74 2
80 4
84 3
87 2
367 4
369 2
fl=./nptl/./nptl/pthread_once.c
fn=__pthread_once_slow
68 11
76 1
80 2
88 2
92 2
101 4
114 13
116 1
118 3
124 1
132 10
fn=pthread_once@@GLIBC_2.34
136 14
139 14
140 28
143 1
144 26
fl=./posix/../malloc/dynarray-skeleton.c
fn=__unregister_atfork
243 5
fl=./posix/../sysdeps/unix/sysv/linux/_exit.c
fn=_Exit
27 2
30 4
fl=./posix/./posix/register-atfork.c
fn=__unregister_atfork
71 10
82 30
83 20
109 20
110 15
fl=./resource/../sysdeps/unix/sysv/linux/getrlimit64.c
fn=getrlimit
38 2
39 7
40 1
fl=./setjmp/../sysdeps/x86_64/bsd-_setjmp.S
fn=_setjmp
28 1
30 1
32 1
fl=./setjmp/../sysdeps/x86_64/setjmp.S
fn=__sigsetjmp
31 13
33 13
42 13
43 26
44 13
48 13
49 13
50 13
51 13
52 13
54 26
56 13
57 13
58 13
60 26
62 13
67 1
68 1
70 12
73 12
74 12
81 12
82 12
85 1
fl=./setjmp/./setjmp/sigjmp.c
fn=__sigjmp_save
28 6
29 1
30 2
34 4
fl=./stdlib/./stdlib/cxa_atexit.c
fn=__cxa_atexit
41 24
43 96
44 24
46 24
52 36
53 12
54 12
55 12
56 12
57 48
58 12
67 84
69 72
fn=__new_exitfn
80 60
81 12
86 24
91 76
93 48
94 55
101 1
104 22
122 1
123 1
129 33
130 22
134 1
136 12
137 12
141 60
fl=./stdlib/./stdlib/cxa_finalize.c
fn=__cxa_finalize
30 50
33 35
36 35
40 196
41 132
43 22
45 11
76 11
78 33
81 44
82 33
83 44
87 33
93 35
97 30
105 10
106 20
107 40
fl=./stdlib/./stdlib/cxa_thread_atexit_impl.c
fn=__call_tls_dtors
148 5
149 4
165 4
fl=./stdlib/./stdlib/exit.c
fn=__run_exit_handlers
38 12
40 2
41 2
43 5
54 2
56 2
60 1
64 39
66 24
67 12
69 106
94 2
101 1
102 1
103 1
104 3
107 4
108 3
109 4
113 3
119 3
120 2
126 4
128 2
129 2
131 2
fn=exit
137 3
138 4
fl=./stdlib/./stdlib/getenv.c
fn=getenv
24 9
25 8
28 2
29 239
31 118
32 66
37 9
fl=./stdlib/./stdlib/rand.c
fn=rand
26 165093
27 55031
28 110062
fl=./stdlib/./stdlib/random.c
fn=random
288 385217
291 165093
293 165093
295 220124
297 55031
298 275155
fn=srand
209 72
210 48
211 36
212 48
213 36
fl=./stdlib/./stdlib/random_r.c
fn=random_r
354 55031
357 220124
360 55031
362 165093
370 55031
371 55031
372 55031
375 165093
377 110062
378 108292
379 110062
382 55031
387 106522
388 3540
390 55031
391 55031
393 55031
398 55031
fn=srandom_r
162 24
170 24
172 12
173 24
176 12
180 48
181 24
184 36
186 12
187 756
192 2880
193 720
194 1080
196 1080
197 720
200 72
202 12
203 7464
210 24
362 11160
370 3720
371 3720
372 3720
375 7440
378 3720
379 7440
381 240
382 3720
388 7200
390 3720
391 3720
fl=./stdlib/./stdlib/secure-getenv.c
fn=secure_getenv
28 1
29 5
fl=./string/../include/rtld-malloc.h
fn=strdup
56 12
fl=./string/../string/strcspn.c
fn=strcspn
32 6
33 3
34 2
39 6
40 4
41 4
42 4
44 1
47 9
48 6
51 4
52 4
53 4
54 4
56 3
61 13
62 26
63 26
64 26
65 13
67 78
69 1
70 4
71 3
fl=./string/../sysdeps/x86/cacheinfo.c
fn=__x86_cacheinfo
86 1
fl=./string/../sysdeps/x86/cacheinfo.h
fn=__x86_cacheinfo
59 1
62 3
64 3
65 1
71 3
73 3
74 1
78 2
80 2
81 2
82 2
84 2
86 2
fl=./string/../sysdeps/x86_64/multiarch/../multiarch/memset-vec-unaligned-erms.S
fn=memset
132 12
133 60
138 12
139 12
142 5
143 5
145 1
146 1
147 1
244 4
245 4
257 4
260 4
261 4
273 4
274 4
287 4
288 4
290 4
293 3
296 6
299 93
300 93
301 93
302 93
303 93
304 93
305 93
308 4
309 4
310 4
311 4
316 4
350 7
352 7
353 7
392 7
393 7
395 7
fl=./string/../sysdeps/x86_64/multiarch/../multiarch/strchr-sse2.S
fn=index
32 27
33 27
34 27
35 27
36 27
37 27
38 27
39 27
40 27
41 23
42 23
43 23
44 23
45 23
46 23
47 23
48 23
49 23
50 19
54 19
55 19
56 19
57 19
59 19
63 4
64 4
65 4
66 4
67 4
68 4
69 4
70 4
71 4
72 4
73 4
74 4
75 4
76 4
77 4
78 4
79 4
80 4
81 4
82 4
83 4
84 4
85 4
86 6
91 1
92 1
95 1
96 1
97 1
98 1
99 1
100 1
101 1
102 1
103 1
104 1
105 1
106 1
107 1
108 1
109 1
110 1
111 1
112 1
114 1
115 1
117 1
118 1
119 1
120 1
121 1
122 1
123 1
124 1
126 1
127 1
128 1
129 1
130 1
131 1
132 1
133 1
134 1
135 1
138 8
142 8
143 8
144 8
145 8
147 8
151 4
152 4
153 4
154 4
155 4
156 4
157 4
158 4
159 4
160 4
161 4
162 4
163 4
164 4
165 4
166 4
167 4
168 4
169 4
170 4
171 4
172 4
173 4
174 4
175 4
176 4
177 4
178 4
179 4
180 4
181 4
182 4
183 4
184 4
185 4
186 4
187 4
188 4
189 1
fl=./string/../sysdeps/x86_64/multiarch/../multiarch/strcmp-sse2.S
fn=strcmp
98 2226
131 2226
132 2226
134 2226
135 2226
156 2226
157 2226
158 2136
159 2136
160 2050
161 2050
162 2050
163 2050
180 2050
181 2050
182 2050
183 2050
184 2050
185 2050
186 2050
191 21
192 63
201 197
202 197
203 197
204 197
205 197
206 197
207 197
208 197
209 155
210 83
211 83
212 83
214 155
215 155
216 155
217 155
218 155
219 155
229 42
230 42
231 42
233 42
239 42
240 42
241 42
242 42
243 42
248 42
250 33
251 33
252 66
260 33
261 33
264 33
265 33
266 33
267 33
268 33
269 33
300 6
301 6
302 6
303 6
304 6
306 6
307 6
308 6
309 6
310 6
311 6
312 6
313 6
316 6
317 6
318 6
324 6
325 6
326 12
330 6
331 6
334 6
335 6
336 6
338 6
339 6
340 6
344 6
345 6
346 6
347 6
348 6
349 6
424 2
425 2
426 2
427 2
428 2
430 2
431 2
432 2
433 2
434 2
435 2
436 2
437 2
440 2
441 2
442 2
448 2
449 2
450 4
454 2
455 2
458 2
459 2
460 2
462 2
463 2
464 2
468 2
469 2
470 2
471 2
472 2
473 2
542 1
543 1
544 1
545 1
546 1
548 1
549 1
550 1
551 1
552 1
553 1
554 1
555 1
559 1
560 1
561 1
567 1
568 1
569 2
573 1
574 1
633 1
634 1
635 1
636 1
649 1
650 1
651 1
652 1
661 5
662 5
663 5
664 5
665 5
667 5
668 5
669 5
670 5
671 5
672 5
673 5
780 4
781 4
782 4
783 4
784 4
786 4
787 4
788 4
789 4
790 4
791 4
792 4
793 3
797 3
798 3
799 3
805 3
806 3
807 6
811 3
812 3
815 3
816 3
817 3
819 3
820 3
821 3
825 3
826 3
827 3
828 3
829 3
830 3
837 2
838 2
840 2
841 2
843 2
844 2
845 2
847 2
848 2
849 2
853 2
854 2
855 2
856 2
857 2
858 2
899 4
900 4
901 4
902 4
903 4
905 4
906 4
907 4
908 4
909 4
910 4
911 4
912 3
916 3
917 3
918 3
924 3
925 3
926 6
930 3
931 3
934 3
935 3
936 3
938 3
939 3
940 3
944 3
945 3
946 3
947 3
948 3
949 3
956 1
957 1
959 1
960 1
962 1
963 1
964 1
966 1
967 1
968 1
972 1
973 1
974 1
975 1
976 1
977 1
1018 3
1019 3
1020 3
1021 3
1022 3
1024 3
1025 3
1026 3
1027 3
1028 3
1029 3
1030 3
1031 2
1035 2
1036 2
1037 2
1043 2
1044 2
1045 4
1049 2
1050 2
1053 2
1054 2
1055 2
1057 2
1058 2
1059 2
1063 2
1064 2
1065 2
1066 2
1067 2
1068 2
1137 4
1138 4
1139 4
1140 4
1141 4
1143 4
1144 4
1145 4
1146 4
1147 4
1148 4
1149 4
1150 1
1154 1
1155 1
1156 1
1162 1
1163 1
1164 2
1168 1
1169 1
1172 1
1173 1
1174 1
1176 1
1177 1
1178 1
1182 1
1183 1
1184 1
1185 1
1186 1
1187 1
1256 22
1257 22
1258 22
1259 22
1260 22
1262 22
1263 22
1264 22
1265 22
1266 22
1267 22
1268 22
1269 2
1273 2
1274 2
1275 2
1281 2
1282 2
1283 4
1287 3
1288 3
1291 3
1292 3
1293 3
1295 3
1296 3
1297 3
1301 3
1302 3
1303 3
1304 3
1305 3
1306 3
1313 1
1314 1
1316 1
1317 1
1319 1
1320 1
1321 1
1323 1
1324 1
1325 1
1329 1
1330 1
1331 1
1332 1
1333 1
1334 1
1341 1
1342 1
1343 1
1375 22
1376 22
1377 22
1378 22
1379 22
1381 22
1382 22
1383 22
1384 22
1385 22
1386 22
1387 22
1388 6
1392 6
1393 6
1394 6
1400 6
1401 6
1402 12
1406 6
1407 6
1410 4
1411 4
1412 4
1414 4
1415 4
1416 4
1420 4
1421 4
1422 4
1423 4
1424 4
1425 4
1466 2
1467 2
1468 2
1469 2
1482 2
1483 2
1484 2
1485 2
1494 13
1495 13
1496 13
1497 13
1498 13
1500 13
1501 13
1502 13
1503 13
1504 13
1505 13
1506 13
1507 10
1511 10
1512 10
1513 10
1519 10
1520 10
1521 20
1525 10
1526 10
1529 10
1530 10
1531 10
1533 10
1534 10
1535 10
1539 10
1540 10
1541 10
1542 10
1543 10
1544 10
1585 1
1586 1
1587 1
1588 1
1595 1
1596 1
1597 1
1613 19
1614 19
1615 19
1616 19
1617 19
1619 19
1620 19
1621 19
1622 19
1623 19
1624 19
1625 19
1626 4
1630 4
1631 4
1632 4
1638 4
1639 4
1640 8
1644 4
1645 4
1648 4
1649 4
1650 4
1652 4
1653 4
1654 4
1658 4
1659 4
1660 4
1661 4
1662 4
1663 4
1670 1
1671 1
1673 1
1674 1
1676 1
1677 1
1678 1
1680 1
1681 1
1682 1
1686 1
1687 1
1688 1
1689 1
1690 1
1691 1
1732 16
1733 16
1734 16
1735 16
1736 16
1738 16
1739 16
1740 16
1741 16
1742 16
1743 16
1744 16
1745 7
1749 7
1750 7
1751 7
1757 7
1758 7
1759 14
1763 7
1764 7
1767 7
1768 7
1769 7
1771 7
1772 7
1773 7
1777 7
1778 7
1779 7
1780 7
1781 7
1782 7
1789 1
1790 1
1792 1
1793 1
1795 1
1796 1
1797 1
1799 1
1800 1
1801 1
1805 1
1806 1
1807 1
1808 1
1809 1
1810 1
1851 19
1852 19
1853 19
1854 19
1855 19
1857 19
1858 19
1859 19
1860 19
1861 19
1862 19
1863 19
1864 8
1868 8
1869 8
1870 8
1876 8
1877 8
1878 16
1882 8
1883 8
1886 8
1887 8
1888 8
1890 8
1891 8
1892 8
1896 8
1897 8
1898 8
1899 8
1900 8
1901 8
1970 15
1971 15
1972 15
1973 15
1974 15
1976 15
1977 15
1978 15
1979 15
1980 15
1981 15
1982 15
1984 5
1988 5
1989 5
1990 5
1996 5
1997 5
1999 10
2003 5
2004 5
2007 5
2008 5
2009 5
2011 5
2012 5
2013 5
2017 5
2018 5
2019 5
2020 5
2021 5
2022 5
2086 3
2087 3
2088 3
2089 6
2093 93
2095 197
2096 197
2097 197
2098 197
2099 166
2104 2226
2110 2226
2111 2226
2119 2226
2120 2226
fn=strncmp
98 1
125 1
126 1
127 1
128 1
129 1
131 1
132 1
134 1
135 1
156 1
157 1
158 1
159 1
160 1
161 1
162 1
163 1
180 1
181 1
182 1
183 1
184 1
185 1
186 1
2104 1
2107 1
2108 1
2110 1
2111 1
2119 1
2120 1
fl=./string/../sysdeps/x86_64/multiarch/../multiarch/strlen-sse2.S
fn=strlen
57 30
101 30
102 30
103 30
104 30
105 30
106 30
107 30
109 30
111 30
142 26
143 26
144 26
145 26
146 26
147 12
149 12
153 14
154 14
155 14
156 14
157 14
158 14
159 14
160 14
161 14
162 14
163 14
164 14
169 112
173 4
174 56
175 30
190 1
191 1
192 2
243 1
244 1
245 1
246 1
247 1
248 1
249 1
250 1
266 1
268 1
269 14
271 1
272 1
273 1
275 1
fl=./string/../sysdeps/x86_64/multiarch/ifunc-avx2.h
fn=memrchr
38 4
40 3
fn=rindex
38 4
40 3
fn=strchrnul
38 4
40 3
fn=strlen
38 4
40 3
fn=strnlen
38 8
40 6
fl=./string/../sysdeps/x86_64/multiarch/ifunc-evex.h
fn=memchr
37 4
38 3
fl=./string/../sysdeps/x86_64/multiarch/ifunc-memcmp.h
fn=bcmp
34 10
fl=./string/../sysdeps/x86_64/multiarch/ifunc-memmove.h
fn=memcpy@@GLIBC_2.14
56 2
57 3
60 3
61 2
74 2
103 2
108 3
113 4
fn=memmove
56 2
57 3
60 3
61 2
74 2
103 2
108 3
113 4
fn=mempcpy
56 2
57 3
60 3
61 2
74 2
103 2
108 3
113 4
fl=./string/../sysdeps/x86_64/multiarch/ifunc-memset.h
fn=memset
54 5
57 3
58 2
64 2
73 2
103 4
fl=./string/../sysdeps/x86_64/multiarch/ifunc-sse4_2.h
fn=strcspn
36 5
fn=strpbrk
36 5
fn=strspn
36 5
fl=./string/../sysdeps/x86_64/multiarch/ifunc-strcasecmp.h
fn=strcasecmp
36 4
37 2
53 3
56 3
fn=strcasecmp_l
36 4
37 2
53 3
56 3
fn=strncasecmp
36 4
37 2
53 3
56 3
fn=strncasecmp_l
36 4
37 2
53 3
56 3
fl=./string/../sysdeps/x86_64/multiarch/ifunc-strcpy.h
fn=stpcpy
38 4
39 3
54 4
fn=strcat
38 4
39 3
54 4
fn=strcpy
38 4
39 3
54 4
fl=./string/../sysdeps/x86_64/multiarch/ifunc-strncpy.h
fn=stpncpy
35 5
fn=strncpy
35 5
fl=./string/../sysdeps/x86_64/multiarch/memchr.c
fn=memchr
29 2
fl=./string/../sysdeps/x86_64/multiarch/memcmp-sse2.S
fn=__memcmp_sse2
59 50
71 50
72 50
94 49
95 49
97 49
98 49
111 49
112 49
113 49
114 49
115 49
116 49
117 49
118 49
120 49
121 49
122 10
123 10
197 39
198 39
199 39
200 39
201 39
202 39
255 1
257 1
258 1
259 1
260 1
261 1
262 1
269 1
271 1
341 1
342 1
343 1
344 1
345 1
346 1
348 1
349 1
351 1
352 1
391 1
392 1
393 1
394 1
395 1
396 1
397 1
398 1
399 1
407 1
408 1
479 1
480 1
481 1
482 2
485 3
486 3
488 3
489 3
491 3
492 3
494 3
495 3
497 3
498 3
499 3
501 3
502 3
503 3
505 3
506 3
507 3
508 3
510 1
512 1
516 1
517 1
fl=./string/../sysdeps/x86_64/multiarch/memcmp.c
fn=bcmp
29 6
fl=./string/../sysdeps/x86_64/multiarch/memcmpeq.c
fn=memcpy@@GLIBC_2.14
29 1
fl=./string/../sysdeps/x86_64/multiarch/memcpy.c
fn=memcpy@@GLIBC_2.14
29 1
fl=./string/../sysdeps/x86_64/multiarch/memmove-vec-unaligned-erms.S
fn=__memcpy_sse2_unaligned_erms
308 39
309 39
311 39
315 39
316 39
317 39
318 39
319 39
320 39
321 39
323 39
325 39
fn=__mempcpy_sse2_unaligned
197 39
198 39
199 39
200 39
fn=memcpy
210 32
211 32
217 56
218 56
220 30
221 30
222 30
224 14
225 14
226 14
228 14
308 26
309 26
311 7
315 7
316 7
317 7
318 1
319 1
323 1
325 7
364 19
365 19
366 19
367 19
368 19
375 15
376 15
377 15
378 15
379 15
380 15
381 15
392 16
393 16
395 15
396 15
397 15
417 1
418 1
422 1
424 1
440 1
443 1
445 1
447 1
451 1
452 1
461 1
462 1
464 1
466 1
467 1
468 1
471 1
473 1
475 1
477 1
483 3
484 3
485 3
486 3
487 3
488 3
489 3
490 3
491 3
492 3
493 3
494 3
496 1
497 1
498 1
499 1
501 1
505 1
fn=memcpy@GLIBC_2.2.5
217 39
218 39
fn=mempcpy
197 24
198 24
199 24
200 24
fl=./string/../sysdeps/x86_64/multiarch/memmove.c
fn=memmove
29 2
fl=./string/../sysdeps/x86_64/multiarch/mempcpy.c
fn=mempcpy
33 2
fl=./string/../sysdeps/x86_64/multiarch/memrchr.c
fn=memrchr
29 3
fl=./string/../sysdeps/x86_64/multiarch/memset.c
fn=memset
29 2
fl=./string/../sysdeps/x86_64/multiarch/stpcpy.c
fn=stpcpy
33 2
fl=./string/../sysdeps/x86_64/multiarch/stpncpy.c
fn=stpncpy
31 2
fl=./string/../sysdeps/x86_64/multiarch/strcasecmp.c
fn=strcasecmp
31 3
fl=./string/../sysdeps/x86_64/multiarch/strcasecmp_l.c
fn=strcasecmp_l
31 3
fl=./string/../sysdeps/x86_64/multiarch/strcat.c
fn=strcat
29 2
fl=./string/../sysdeps/x86_64/multiarch/strchr.c
fn=index
42 4
43 2
44 3
59 4
65 2
fl=./string/../sysdeps/x86_64/multiarch/strchrnul.c
fn=strchrnul
31 3
fl=./string/../sysdeps/x86_64/multiarch/strcmp-sse4_2.S
fn=__strncmp_sse42
108 11
138 11
139 11
140 11
141 11
142 11
144 11
145 11
147 11
148 11
169 11
170 11
171 11
172 11
213 11
214 11
215 11
216 11
217 11
218 11
219 11
220 11
221 11
222 11
223 11
224 11
225 11
227 11
228 11
229 11
230 11
231 11
232 11
233 11
234 11
235 11
598 1
600 1
601 1
602 1
603 1
604 1
605 1
606 1
687 1
689 1
690 1
691 1
692 1
693 1
694 1
695 1
777 2
779 2
780 2
781 2
782 2
783 2
784 2
785 2
866 2
868 2
869 2
870 2
871 2
872 2
873 2
874 2
1223 1
1225 1
1226 1
1227 1
1228 1
1229 1
1230 1
1231 1
1232 1
1234 6
1236 1
1237 1
1243 1
1244 1
1245 1
1246 1
1250 1
1251 1
1254 1
1255 1
1257 1
1263 1
1312 2
1314 2
1315 2
1316 2
1317 2
1318 2
1319 2
1320 2
1321 1
1323 6
1325 1
1326 1
1332 1
1333 1
1334 1
1335 1
1339 1
1340 1
1343 1
1344 1
1346 1
1352 1
1401 1
1403 1
1404 1
1405 1
1406 1
1407 1
1408 1
1409 1
1491 1
1493 1
1494 1
1495 1
1496 1
1497 1
1498 1
1499 1
1674 2
1676 2
1677 2
1679 2
1680 2
1681 2
1682 2
1683 2
1684 2
1685 2
1693 2
1694 2
1697 9
1698 9
1699 9
1700 9
1701 9
1706 9
1709 9
1710 9
1712 9
1713 9
1721 9
1722 9
fl=./string/../sysdeps/x86_64/multiarch/strcmp.c
fn=strcmp
47 4
48 2
49 3
64 3
67 2
79 2
fl=./string/../sysdeps/x86_64/multiarch/strcpy.c
fn=strcpy
29 2
fl=./string/../sysdeps/x86_64/multiarch/strcspn.c
fn=strcspn
29 2
fl=./string/../sysdeps/x86_64/multiarch/strlen-sse2.S
fn=__strlen_sse2
57 69
101 69
102 69
103 69
104 69
105 69
106 69
107 69
109 69
111 69
142 69
143 69
144 69
145 69
146 69
147 68
149 68
153 1
154 1
155 1
156 1
157 1
158 1
159 1
160 1
161 1
162 1
163 1
164 1
169 8
fl=./string/../sysdeps/x86_64/multiarch/strlen.c
fn=strlen
29 3
fl=./string/../sysdeps/x86_64/multiarch/strncase.c
fn=strncasecmp
31 3
fl=./string/../sysdeps/x86_64/multiarch/strncase_l.c
fn=strncasecmp_l
31 3
fl=./string/../sysdeps/x86_64/multiarch/strncmp.c
fn=strncmp
43 4
44 2
60 3
61 3
67 3
fl=./string/../sysdeps/x86_64/multiarch/strncpy.c
fn=strncpy
29 2
fl=./string/../sysdeps/x86_64/multiarch/strnlen.c
fn=strnlen
31 6
fl=./string/../sysdeps/x86_64/multiarch/strpbrk.c
fn=strpbrk
29 2
fl=./string/../sysdeps/x86_64/multiarch/strrchr-sse2.S
fn=__strrchr_sse2
45 1
46 1
47 1
48 1
50 1
51 1
53 1
54 1
55 1
58 1
59 1
60 1
61 1
62 1
63 1
65 1
66 1
67 1
68 1
69 1
70 1
71 1
72 1
80 1
fl=./string/../sysdeps/x86_64/multiarch/strrchr.c
fn=rindex
28 3
fl=./string/../sysdeps/x86_64/multiarch/strspn.c
fn=strspn
29 2
fl=./string/./string/strdup.c
fn=strdup
40 36
41 12
44 12
47 24
48 18
fl=./time/../sysdeps/unix/sysv/linux/dl-vdso.h
fn=time
40 2
41 2
fl=./time/../sysdeps/unix/sysv/linux/time.c
fn=time
38 3
fn=time_syscall
31 12
32 48
33 12
fl=./wcsmbs/../sysdeps/x86_64/multiarch/ifunc-avx2.h
fn=wcschr
38 8
40 6
fn=wcscmp
38 4
40 3
fl=./wcsmbs/../sysdeps/x86_64/multiarch/ifunc-evex.h
fn=wmemchr
37 8
38 6
fl=./wcsmbs/../sysdeps/x86_64/multiarch/ifunc-memcmp.h
fn=wmemcmp
34 5
fl=./wcsmbs/../sysdeps/x86_64/multiarch/ifunc-wcs.h
fn=wcpncpy
39 4
40 3
fn=wcscat
39 4
40 3
fn=wcsncpy
39 4
40 3
fl=./wcsmbs/../sysdeps/x86_64/multiarch/ifunc-wcslen.h
fn=wcslen
40 4
41 2
57 4
fn=wcsnlen
40 4
41 2
57 4
fl=./wcsmbs/../sysdeps/x86_64/multiarch/ifunc-wmemset.h
fn=wmemset
36 10
fl=./wcsmbs/../sysdeps/x86_64/multiarch/wcpcpy.c
fn=wcpncpy
31 1
fl=./wcsmbs/../sysdeps/x86_64/multiarch/wcpncpy.c
fn=wcpncpy
31 1
fl=./wcsmbs/../sysdeps/x86_64/multiarch/wcscat.c
fn=wcscat
31 2
fn=wcschr
31 2
fl=./wcsmbs/../sysdeps/x86_64/multiarch/wcschr.c
fn=wcschr
31 4
fl=./wcsmbs/../sysdeps/x86_64/multiarch/wcscmp.c
fn=wcscmp
30 3
fl=./wcsmbs/../sysdeps/x86_64/multiarch/wcscpy.c
fn=wcscpy
42 4
43 2
54 4
60 2
fl=./wcsmbs/../sysdeps/x86_64/multiarch/wcslen.c
fn=wcslen
29 2
fl=./wcsmbs/../sysdeps/x86_64/multiarch/wcsncpy.c
fn=wcsncpy
31 2
fl=./wcsmbs/../sysdeps/x86_64/multiarch/wcsnlen.c
fn=wcsnlen
30 2
fl=./wcsmbs/../sysdeps/x86_64/multiarch/wmemchr.c
fn=wmemchr
31 4
fl=./wcsmbs/../sysdeps/x86_64/multiarch/wmemcmp.c
fn=wmemcmp
29 3
fl=./wcsmbs/../sysdeps/x86_64/multiarch/wmemset.c
fn=wmemset
31 4
fl=./wcsmbs/./wcsmbs/btowc.c
fn=btowc
32 2560
37 1792
42 512
46 384
47 256
48 256
52 512
55 1152
94 1792
fl=./wcsmbs/./wcsmbs/wctob.c
fn=wctob
30 1280
39 384
44 256
45 128
79 1152
fl=./wcsmbs/./wcsmbsload.h
fn=btowc
69 128
70 384
fl=./wctype/./wctype/wctype_l.c
fn=wctype_l
26 110
29 20
32 30
33 68
35 174
37 410
40 48
41 96
45 20
46 10
47 80
fl=/home/misa/Documents/Zavrsni rad/sorting_algorithms/quicksort/quick_sort.cpp
fn=allocateAndPopulateArray(int)
54 60
55 48
56 108
57 220184
58 935527
60 12
61 24
fn=main
12 6
13 1
14 4
16 5
17 6
18 5
19 5
21 37
22 44
23 66
24 55
26 1
27 2
fn=partition(int*, int, int)
37 301824
38 352128
39 150912
41 4499128
42 8394608
43 313356
44 2193492
45 3760272
46 2193492
49 402432
50 653952
51 352128
52 100608
53 100608
fn=printArray(int*, int)
63 12
64 170
65 520
67 8
68 6
fn=quicksort(int*, int, int)
29 704340
30 301860
31 352128
32 352128
33 352128
35 301860
fl=???
fn=(below main)
0 12
fn=???
0 117294
fn=__cpu_indicator_init
0 285
fn=__cxa_get_globals
0 14
fn=__gnu_cxx::stdio_sync_filebuf<char, std::char_traits<char> >::overflow(int)
0 294
fn=__gnu_cxx::stdio_sync_filebuf<char, std::char_traits<char> >::sync()
0 15
fn=__gnu_cxx::stdio_sync_filebuf<char, std::char_traits<char> >::xsputn(char const*, long)
0 240
fn=__gnu_cxx::stdio_sync_filebuf<wchar_t, std::char_traits<wchar_t> >::sync()
0 15
fn=operator delete(void*)
0 24
fn=operator delete[](void*)
0 24
fn=operator new(unsigned long)
0 144
fn=operator new[](unsigned long)
0 24
fn=std::__cxx11::messages<char>::messages(unsigned long)
0 20
fn=std::__cxx11::messages<wchar_t>::messages(unsigned long)
0 20
fn=std::__cxx11::moneypunct<char, false>::_M_initialize_moneypunct(__locale_struct*, char const*)
0 113
fn=std::__cxx11::moneypunct<char, true>::_M_initialize_moneypunct(__locale_struct*, char const*)
0 113
fn=std::__cxx11::moneypunct<wchar_t, false>::_M_initialize_moneypunct(__locale_struct*, char const*)
0 108
fn=std::__cxx11::moneypunct<wchar_t, true>::_M_initialize_moneypunct(__locale_struct*, char const*)
0 108
fn=std::__cxx11::numpunct<char>::_M_initialize_numpunct(__locale_struct*)
0 414
fn=std::__cxx11::numpunct<wchar_t>::_M_initialize_numpunct(__locale_struct*)
0 350
fn=std::__timepunct<char>::_M_initialize_timepunct(__locale_struct*)
0 129
fn=std::__timepunct<char>::__timepunct(std::__timepunct_cache<char>*, unsigned long)
0 23
fn=std::__timepunct<wchar_t>::_M_initialize_timepunct(__locale_struct*)
0 127
fn=std::__timepunct<wchar_t>::__timepunct(std::__timepunct_cache<wchar_t>*, unsigned long)
0 23
fn=std::basic_ios<char, std::char_traits<char> >::_M_cache_locale(std::locale const&)
0 124
fn=std::basic_ios<char, std::char_traits<char> >::init(std::basic_streambuf<char, std::char_traits<char> >*)
0 92
fn=std::basic_ios<wchar_t, std::char_traits<wchar_t> >::_M_cache_locale(std::locale const&)
0 124
fn=std::basic_ios<wchar_t, std::char_traits<wchar_t> >::init(std::basic_streambuf<wchar_t, std::char_traits<wchar_t> >*)
0 92
fn=std::basic_ostream<char, std::char_traits<char> >& std::operator<< <std::char_traits<char> >(std::basic_ostream<char, std::char_traits<char> >&, char)
0 630
fn=std::basic_ostream<wchar_t, std::char_traits<wchar_t> >::flush()
0 162
fn=std::basic_ostream<wchar_t, std::char_traits<wchar_t> >::sentry::sentry(std::basic_ostream<wchar_t, std::char_traits<wchar_t> >&)
0 93
fn=std::codecvt<char, char, __mbstate_t>::codecvt(unsigned long)
0 18
fn=std::codecvt<wchar_t, char, __mbstate_t>::codecvt(unsigned long)
0 18
fn=std::ctype<char>::_M_widen_init() const
0 751
fn=std::ctype<char>::ctype(unsigned short const*, bool, unsigned long)
0 116
fn=std::ctype<wchar_t>::_M_convert_to_wmask(unsigned short) const
0 146
fn=std::ctype<wchar_t>::_M_initialize_ctype()
0 2733
fn=std::ctype<wchar_t>::ctype(unsigned long)
0 20
fn=std::error_category::error_category()
0 10
fn=std::error_category::~error_category()
0 4
fn=std::future_category()
0 3
fn=std::ios_base::Init::Init()
0 273
fn=std::ios_base::Init::~Init()
0 25
fn=std::ios_base::_M_init()
0 192
fn=std::ios_base::ios_base()
0 464
fn=std::locale::_Impl::_Impl(unsigned long)
0 672
fn=std::locale::_Impl::_M_install_facet(std::locale::id const*, std::locale::facet const*)
0 12128
fn=std::locale::facet::_S_create_c_locale(__locale_struct*&, char const*, __locale_struct*)
0 10
fn=std::locale::facet::_S_get_c_locale()
0 154
fn=std::locale::facet::_S_get_c_name()
0 21
fn=std::locale::id::_M_id() const
0 1188
fn=std::locale::locale()
0 374
fn=std::locale::locale(std::locale::_Impl*)
0 3
fn=std::locale::operator=(std::locale const&)
0 160
fn=std::locale::~locale()
0 64
fn=std::messages<char>::messages(unsigned long)
0 20
fn=std::messages<wchar_t>::messages(unsigned long)
0 20
fn=std::moneypunct<char, false>::_M_initialize_moneypunct(__locale_struct*, char const*)
0 113
fn=std::moneypunct<char, true>::_M_initialize_moneypunct(__locale_struct*, char const*)
0 113
fn=std::moneypunct<wchar_t, false>::_M_initialize_moneypunct(__locale_struct*, char const*)
0 108
fn=std::moneypunct<wchar_t, true>::_M_initialize_moneypunct(__locale_struct*, char const*)
0 108
fn=std::num_put<char, std::ostreambuf_iterator<char, std::char_traits<char> > >::do_put(std::ostreambuf_iterator<char, std::char_traits<char> >, std::ios_base&, char, long) const
0 120
fn=std::numpunct<char>::_M_initialize_numpunct(__locale_struct*)
0 414
fn=std::numpunct<wchar_t>::_M_initialize_numpunct(__locale_struct*)
0 350
fn=std::ostream& std::ostream::_M_insert<long>(long)
0 2298
fn=std::ostream::flush()
0 162
fn=std::ostream::operator<<(int)
0 440
fn=std::ostream::put(char)
0 1722
fn=std::ostream::sentry::sentry(std::ostream&)
0 1815
fn=std::ostreambuf_iterator<char, std::char_traits<char> > std::num_put<char, std::ostreambuf_iterator<char, std::char_traits<char> > >::_M_insert_int<long>(std::ostreambuf_iterator<char, std::char_traits<char> >, std::ios_base&, char, long) const
0 3680
fn=std::uncaught_exception()
0 16
summary: 32526105
